
 i = 5.572363505851235

in = 0.23543722229876704

ee = 3.472728044105735

.  = 0.5801696747401686

Th = 10.183193957993451

 s = 0.6676867876741239

so = 26.29870245931875

ou = 1.4319440200471083

nd = 1.1666322506550453

d  = 4.197348947243418

an = 0.37587455772986267

,  = 8.006571366638903

ha = 0.6676867876741239

it = 1.801376117569659

ir = 8.679908987712912

si = 15.008190250191095

de = 8.679908987712912

ad = 6.58255222297012

 l = 2.270283580330013

li = 5.192361261641548

t. = 12.191597359284147

 y = 3.470503006172064

yo = 2.889434390067568

u  = 0.43558756480875527

ed = 22.21937026158216

ik = 15.008190250191095

ke = 5.192361261641548

nk = 6.58255222297012

k  = 5.82316894199545

o  = 1.2521020387208648

u, = 26.29870245931875

-- = 4.660457889457466

la = 10.183193957993451

 g = 4.2062650451211026

gl = 26.29870245931875
THE ANSWER: 0.5218281580946199
