
t  = 0.8580294099618981

 i = 0.25880998470249617

is = 0.006468963381946736

 t = 0.32913504807323546

to = 0.053327419853594085

o  = 0.053327419853594085

th = 0.04437436109359019

he = 0.8580294099618981

e  = 0.8125959300720599

in = 0.4126892090546551

n  = 0.2954353754717472

 w = 0.06843579892713157

ou = 0.3905981976495495

 b = 0.10076707919176979

ng = 0.0011541239727415119

an = 0.12838793978929258

hi = 0.19529909882477475

ha = 0.034217899463565786

ll = 0.19529909882477475

,  = 0.5700882061584152

er = 0.1582242006671613

re = 0.10076707919176979

 m = 0.018767354691838656

hr = 11.609638732409683

ro = 2.0606137851534463

.  = 13.914922678730669

nd = 0.006468963381946736

 u = 2.0606137851534463

en = 0.19529909882477475

up = 2.975091893772973

le = 5.950183787545946

 l = 0.5627166240124891

s  = 0.024714465269525417

?  = 4.537574584393646

on = 4.410413902603475

ne = 0.5627166240124891

wa = 2.0606137851534463

 g = 0.7751897687974421

go = 1.4701379675344917

we = 0.7751897687974421

m, = 7.720068730017183

oo = 0.7751897687974421

es = 1.0648063162015788

rs = 1.4701379675344917

'm = 7.720068730017183

 T = 1.0648063162015788

Th = 2.0606137851534463

ge = 7.720068730017183

 C = 7.720068730017183

's = 4.537574584393646

at = 0.2850441030792076

ba = 7.720068730017183

t- = 7.720068730017183

-- = 2.975091893772973

ks = 7.720068730017183

s. = 15.440137460034366

 Y = 21.86265451566363

Yo = 7.720068730017183

u  = 15.440137460034366

yo = 1.4701379675344917

Mr = 7.720068730017183

al = 2.975091893772973

om = 0.7751897687974421

ee = 4.927704915259562

p  = 4.537574584393646

do = 2.0606137851534463

ef = 4.537574584393646

No = 15.440137460034366

n. = 1.4701379675344917

ft = 7.720068730017183

nt = 4.537574584393646
THE ANSWER: 0.6201129341876561
