
's = 0.9468331021729078

s  = 0.06164278008938201

 t = 0.7973252232229893

er = 0.08434896371273153

e? = 0.2849437509631685

?  = 0.6110463861920173

e  = 1.2947811606497626

in = 0.15558874782175755

!  = 10.020804438280164

 I = 0.2849437509631685

 w = 0.004805334902422284

.  = 6.5496349815609225

 T = 2.7200647249190943

Th = 3.340268146093388

d  = 0.03981335139610151

at = 0.8179185828649296

hi = 0.010040660526097435

an = 2.041262135922329

 h = 0.15558874782175755

ar = 0.3423948220064725

ll = 10.770873786407769

,  = 5.607766990291262

wh = 2.7200647249190943

ha = 0.7489005061820595

t  = 0.055231930960086315

is = 3.595828838547277E-4

es = 19.37789395070948

al = 23.89673433362754

lo = 21.44660194174757

on = 0.12440129449838182

di = 1.321467098166127

 d = 0.19262698747713533

 m = 3.595828838547277E-4

ma = 1.117500622354991

Ha = 59.42330097087378

ed = 1.321467098166127

r  = 10.770873786407769

ke = 1.321467098166127

o  = 0.040285682401517676

to = 0.4089592914324648

ot = 1.567814062959694

t' = 2.7200647249190943

 G = 1.8692556634304212

Go = 2.7200647249190943

 Y = 23.89673433362754

'd = 10.149946062567421

nn = 5.359870550161813

e. = 12.306724199928082

Ye = 75.75728155339806

ne = 55.04946833102172

rk = 10.149946062567421

 g = 0.9468331021729078

 M = 75.75728155339806

d, = 10.149946062567421

o! = 75.75728155339806

I' = 4.176914778856526

go = 3.340268146093388

r. = 16.181229773462782

s. = 16.181229773462782

 V = 75.75728155339806
THE ANSWER: 1.2929222035047183
