
ho = 18.71542042415829

om = 0.7220432633053994

me = 0.20399461494728485

e  = 1.6856884502973533

!  = 1.0258055114978981

 w = 0.17628039472699658

as = 1.0258055114978981

le = 2.444624142439676

.  = 5.639551933241254

ou = 0.1501405494622679

un = 3.251680694884578

 L = 0.9123793135929055

 b = 7.0184673884214

ea = 0.6419580765296258

n  = 0.01073822141783308

be = 10.74165395524619

 h = 0.8428442251486766

d. = 25.135367737309487

,  = 0.34926670242204233

rr = 18.71542042415829

t  = 0.5381186264681411

is = 0.10919816380981422

on = 11.389622258554295

or = 18.71542042415829

id = 10.74165395524619

 y = 0.001473537577906504

yo = 0.0038099804540544526

u  = 0.015967839996966226

 d = 0.6419580765296258

 m = 0.10919816380981422

mi = 8.2372894926293

do = 3.796540752851432

n' = 39.87336556122964

't = 51.28030574450477

ro = 1.1541087390601952

e, = 6.56177518070722

h  = 3.796540752851432

se = 8.237705174312826

 P = 36.72402021139885

ri = 21.521588990035585

-- = 2.1389409458864272

nn = 8.2372894926293

wo = 8.2372894926293

 M = 23.43972071399256

Do = 23.43972071399256

r. = 23.43972071399256

t- = 23.43972071399256

oh = 14.98028087833913

Pr = 23.43972071399256
THE ANSWER: 0.9287278383143899
