
 t = 0.08879341863723472

th = 0.5543735280839547

he = 0.744249864047247

re = 0.011837106485081425

om = 0.20212096666296753

e  = 0.001916844179402211

n! = 5.124388668955996

!  = 0.3640048348541828

 I = 2.937583840412038

I  = 7.964508535551169

as = 0.3640048348541828

 a = 0.18512315608136629

ee = 0.6205429363512943

.  = 2.6226089564206903

 T = 11.781681808444153

 s = 0.6632615730969467

so = 9.753277887427318

ou = 0.6242536064922253

 L = 0.30162983582992015

LA = 2.5772181214561964

AR = 2.5772181214561964

ea = 0.1627922157479666

an = 0.09228563818098943

 h = 0.13290180038828062

ll = 0.4366632567561228

ha = 0.6632615730969467

lo = 1.7583370791644326

on = 0.10081580778752586

av = 5.710415540065181

 l = 0.2480691992722384

ig = 3.175065640325243

gh = 5.124388668955996

 y = 0.12078099627698614

yo = 0.20253796649696523

u  = 0.06668630332623582

il = 3.175065640325243

st = 8.274891159259909

ve = 2.0745302499629217

ma = 1.0372651249814608

 H = 0.8742029854735639

 D = 1.7583370791644326

ru = 19.506555774854636

k  = 7.964508535551169

en = 0.009592149101129342

h  = 2.1189313416413453

am = 2.5772181214561964

m  = 1.0372651249814608

Wo = 9.753277887427318

n. = 3.9822542677755846

 M = 15.584653120828724

tr = 22.925765959366633

ck = 24.16562080020079

Wi = 15.584653120828724

uc = 42.86223251533509

os = 6.8526781741640335
THE ANSWER: 0.488140899182554
