
t  = 0.05910875665753104

is = 0.2127764485561029

n' = 25.203666737214757

't = 25.203666737214757

e  = 0.0893300607940536

n  = 0.02405690024499429

 w = 0.2432237287397428

wo = 0.16138019152026145

ou = 0.0223325151985134

 b = 1.114925312754996

be = 2.4099715174726364

 h = 0.9962968188747742

se = 6.333945527542326

,  = 0.0588575728645763

 m = 0.0588575728645763

mi = 4.994845178999756

ro = 3.650503456856633

.  = 4.701571555008273

le = 2.1475582113401024

on = 8.301846436038531

as = 1.692520138274265

me = 0.2127764485561029

rr = 23.66722463796

ri = 7.301006913713266

e, = 2.1475582113401024

or = 2.6945452783371735

d. = 18.172799220122883

un = 4.994845178999756

nn = 7.261427722408213

t- = 11.83361231898

-- = 4.994845178999756

u  = 7.261427722408213

 y = 2.7672821453461776

yo = 2.7672821453461776

 M = 11.83361231898

Mr = 11.83361231898

r. = 11.83361231898

om = 1.692520138274265

 d = 1.692520138274265

do = 3.650503456856633

ea = 2.7672821453461776

 P = 32.85061334085846

!  = 11.83361231898

ho = 32.85061334085846

h  = 2.1475582113401024
THE ANSWER: 0.8481976223771377
