
e  = 0.023820369879729852

I  = 9.084856784189308

as = 4.516541883605629

 a = 0.7487247504692893

le = 8.175813024796641

.  = 1.3466300265678302

ou = 0.25510250159056524

ea = 3.4416423995755987

an = 1.0021121995254012

,  = 2.5433920722907373

t  = 0.5311932952781644

es = 9.084856784189308

 y = 0.9092117185450013

yo = 0.7131802243258097

st = 3.9263070716347417

 d = 3.4416423995755987

 m = 1.649437893597481

ma = 7.407913958581434

ur = 7.407913958581434

r  = 4.862244981632117

do = 11.514571306743637

n' = 13.188148820847548

't = 18.217278109420096

se = 5.6864386192928364

 p = 9.084856784189308

pl = 28.292330179086854

y. = 15.342290409341379
THE ANSWER: 0.35400092921427817
