
,  = 2.63170654591365

re = 1.9681122379371507

.  = 11.699217032758805

on = 3.958742155168493

es = 86.90765837464187

or = 3.628296768705209

r  = 1.8362336762786993

so = 6.542198785343085

s. = 28.969219458213963

 M = 44.43732093319387

Mr = 44.43732093319387

n. = 13.523128988736794
THE ANSWER: 0.7685250180677468
