
t  = 0.0017083850922299405

 i = 0.2759478881165936

is = 0.6711127933477925

 t = 0.99993044497601

to = 0.004438909595642911

o  = 2.077026692420657

th = 0.028682990179649964

he = 0.11174463992559645

e  = 1.4862184613433478

ai = 0.09841804705169485

in = 1.453436778751549

n  = 0.33977343985693226

 w = 2.517459914336169

wo = 0.06386625484721609

ou = 0.9159515203611192

ul = 0.2689970391479597

ld = 0.2689970391479597

d  = 0.10949262357536917

 b = 0.5379940782959194

be = 0.783181203277695

st = 0.3329712231275689

ti = 0.05464862713046672

ng = 0.8984077843221092

 a = 0.03285666978358395

an = 0.07653531242482411

hi = 0.18577730766791847

 h = 0.6277528435579295

ha = 0.2909217989276327

av = 0.18577730766791847

ve = 0.1639320666369403

 s = 2.077026692420657

se = 0.3329712231275689

,  = 0.22651562657128818

er = 0.3873654796503201

re = 0.5379940782959194

it = 0.010995638664402615

 m = 0.22651562657128818

gh = 0.5247475850601354

ht = 0.7907122575372194

ro = 0.2623737925300677

 o = 0.20700382694055586

of = 0.11325781328564409

f  = 0.11325781328564409

.  = 0.9159515203611192

 A = 1.2023388454790775

An = 2.5904017149419776

nd = 1.0494951701202708

 u = 0.2623737925300677

 c = 3.607016536437233

co = 0.5793429285065067

up = 0.5793429285065067

s  = 1.2328846881827598

?  = 1.2023388454790775

y  = 0.04876260373994673

 n = 0.10350191347027793

on = 0.5627947116163716

as = 2.6641842047783976E-5

me = 0.6711127933477925

 g = 2.6641842047783976E-5

go = 0.09841804705169485

we = 2.6641842047783976E-5

ot = 0.02189852471507383

ey = 1.6723864950583947

ca = 1.2023388454790775

ar = 3.607016536437233

rr = 1.2023388454790775

ry = 5.180803429883955

 p = 0.4232067359280302

ic = 0.02189852471507383

ce = 0.014586518611418377

ur = 0.09841804705169485

e, = 0.02189852471507383

oo = 0.7907122575372194

ut = 0.2623737925300677

or = 2.4923092834143428

rs = 1.6723864950583947

 r = 0.2623737925300677

ad = 0.02189852471507383

d. = 0.5793429285065067

h, = 2.5904017149419776

ma = 0.02189852471507383

 T = 3.607016536437233

Th = 5.945961159654274

a  = 2.221921620221122

un = 0.5793429285065067

r  = 1.3609278514768512

 v = 0.2623737925300677

ge = 2.5904017149419776

na = 1.2023388454790775

ch = 10.383375138273362

's = 1.2023388454790775

po = 1.6723864950583947

so = 0.1968360941033897

at = 1.3504380846978201

ba = 2.5904017149419776

-- = 0.5793429285065067

su = 2.5904017149419776

 M = 2.5904017149419776

r. = 8.099000204327515

 H = 1.2023388454790775

oc = 2.5904017149419776

et = 0.02189852471507383

 d = 5.780109004566304

do = 2.404677690958155

ct = 2.5904017149419776

ea = 4.612545929654967

 P = 2.5904017149419776

ni = 2.5904017149419776

!  = 20.95235786907538

pu = 2.5904017149419776

ho = 2.5904017149419776

ug = 5.180803429883955

h  = 1.1586858570130134

og = 2.5904017149419776

w  = 2.5904017149419776

de = 5.180803429883955

 e = 2.5904017149419776

He = 2.5904017149419776
THE ANSWER: 0.39727326260777723
