
s  = 1.1072726896226879

 f = 0.46767231182165936

 t = 0.10531290039912267

th = 0.12761975393291056

he = 0.06622236738203811

e  = 0.38422443545004836

 h = 0.36594343347720043

ea = 0.46767231182165936

av = 0.620342494479563

hi = 0.18297171673860022

m  = 3.6594105133374772

 w = 0.2697869858450148

ng = 2.238580329125602

g  = 0.05119166832376382

ha = 0.34870128667027106

at = 0.620342494479563

t  = 0.05606394667591929

 d = 0.028031973337959645

es = 0.25565269037004906

 b = 2.947890308790759

be = 0.46767231182165936

 c = 1.6358897742923086

ro = 3.8100127504829846

h  = 0.34870128667027106

da = 2.5968630780036484

me = 0.028031973337959645

as = 0.012523273864470766

wi = 0.620342494479563

it = 0.028031973337959645

se = 0.25565269037004906

 I = 0.46767231182165936

in = 0.10238333664752763

n  = 1.8771028413790973

ca = 1.4249729482345792

an = 0.04403444923705052

op = 1.9050063752414923

pe = 10.926678827629303

 o = 0.05119166832376382

r. = 3.6594105133374772

ar = 8.857970832458076

ac = 5.463339413814651

ce = 5.463339413814651

gl = 9.12072197715019

la = 5.463339413814651

pp = 9.12072197715019

fr = 5.463339413814651

om = 1.9050063752414923

en = 10.978231540012429

em = 5.463339413814651

ll = 1.0773290685746915

nt = 1.0773290685746915

co = 2.5968630780036484

rs = 2.5968630780036484

ke = 2.5968630780036484

g? = 9.12072197715019

?  = 9.12072197715019

ra = 2.5968630780036484

vi = 5.463339413814651

li = 5.463339413814651

ol = 9.12072197715019

br = 25.605733843352652
THE ANSWER: 0.4829977443930176
