
 i = 2.969380235432616

is = 7.319980095868039

 t = 1.3463437545840586

to = 0.5984488103264883

o  = 0.5984488103264883

th = 1.0591496144897845

he = 1.271763924290187

e  = 0.012070056192117196

 I = 0.5984488103264883

I  = 1.395162611067438

 w = 0.015296961880718874

ou = 0.5984488103264883

ng = 0.9685600945836327

hi = 2.34479243590049

it = 1.7961438202094242

ow = 6.353416787758958

.  = 4.68958487180098

 l = 3.6599900479340195

s  = 2.623395391779584

y  = 0.41256937992805925

no = 4.3280941065770975

wa = 7.986281235856023

e. = 7.986281235856023

Th = 7.986281235856023

un = 10.446083160627932

ge = 22.80812430024536

lo = 7.986281235856023

ay = 14.559760038749532

t. = 22.80812430024536

 k = 14.559760038749532

kn = 22.80812430024536

w  = 22.80812430024536
THE ANSWER: 0.6073178795734377
