
t  = 0.13789884999317834

n' = 8.81149168334167

't = 8.81149168334167

e  = 0.11724419091568253

I  = 2.2544094312781384

ou = 1.1398532146508036

st = 4.5765398324162065

 a = 0.4953888076850924

an = 0.8643750962019467

se = 4.5765398324162065

,  = 1.3748548381333519

 m = 1.3748548381333519

.  = 1.1398532146508036

pl = 8.81149168334167

le = 7.2921483062960055

as = 6.156642774512256

 p = 2.5070879189594795

ur = 8.81149168334167

es = 7.2921483062960055

ma = 7.2921483062960055

r  = 0.8643750962019467

 y = 8.81149168334167

yo = 8.81149168334167

 d = 6.156642774512256

do = 10.944975612806402

ea = 8.81149168334167
THE ANSWER: 0.37606575667374426
