
 s = 0.5141463244037209

;  = 4.498855903835969

 w = 0.13500163817952243

s  = 0.025206336993774916

 t = 0.06015697598896873

th = 0.12361620683296551

he = 0.1659007352941176

e  = 0.934015400560829

 m = 0.09169930754703785

te = 1.1322690074840878

er = 0.08241080455531029

ou = 0.8109083340290204

re = 0.02872630621808778

in = 0.224290310654583

ng = 1.819994022903724

g  = 0.46835250152379604

en = 0.09639259984612156

sp = 1.7738380429460727

po = 1.1322690074840878

to = 0.2911996397845702

o  = 1.17339839987948

.  = 0.3437090732803844

r  = 0.012603168496887458

id = 1.7738380429460727

d  = 0.012603168496887458

ge = 1.7738380429460727

t  = 0.35567077009162756

 i = 8.406820150542594E-4

nt = 1.7738380429460727

hi = 0.7315083583968666

is = 1.7738380429460727

it = 2.538624927483759

 a = 0.002522046045162778

an = 0.5823992795691404

ll = 0.012603168496887458

op = 2.897023851157585

el = 0.7315083583968666

le = 1.819994022903724

es = 0.0023094255538125

rt = 5.224251591242918

 o = 2.1945250751905996

of = 0.2911996397845702

f  = 0.46835250152379604

 l = 0.2911996397845702

us = 0.17138210813457375

st = 2.2645380149681755

os = 0.7315083583968666

ta = 1.7738380429460727

l  = 0.09169930754703785

io = 5.224251591242918

on = 0.041205402277655144

ar = 0.041205402277655144

ea = 0.2911996397845702

ne = 0.041205402277655144

ve = 0.041205402277655144

a  = 0.46835250152379604

si = 2.825837588305239

as = 0.041205402277655144

 b = 0.7423515422815973

ba = 2.897023851157585

no = 0.09169930754703785

be = 0.7315083583968666

se = 0.17138210813457375

 T = 7.639658669650977

Th = 7.639658669650977

nd = 0.09169930754703785

lo = 1.7738380429460727

ol = 1.7738380429460727

ac = 1.7738380429460727

ri = 7.639658669650977

ec = 5.224251591242918

ot = 0.09169930754703785

t; = 5.224251591242918

de = 1.1322690074840878

ck = 2.897023851157585

k  = 1.7738380429460727

wo = 2.897023851157585

un = 1.1322690074840878

 r = 10.416278327621178

pp = 0.7315083583968666

t. = 10.448503182485837

co = 1.7738380429460727

h  = 2.897023851157585

wi = 5.224251591242918

ig = 5.224251591242918

gh = 5.224251591242918

ht = 5.224251591242918

e. = 2.897023851157585
THE ANSWER: 0.36219188523455187
