
 t = 0.12277832016982791

he = 0.08234052166090998

e  = 0.32933888052183835

 i = 0.24881467963992246

 w = 0.34776825288740576

.  = 7.429117523777719

 T = 5.573877551426095

Th = 6.623697521755774

 s = 0.19608321332899764

ou = 0.04822514059114677

 o = 0.6462810265399261

n  = 0.07268071248653771

,  = 12.34356169938694

t  = 3.76951709714721

it = 0.8709916337343523

ir = 22.646477015409054

on = 5.574808904905992

t, = 10.003903373806285

ut = 3.58856846897447

si = 10.003903373806285

ig = 6.623697521755774

gh = 10.003903373806285

ht = 12.9745722112227

 y = 0.041635937570403625

yo = 0.010775059227156672

u  = 0.08554411147085457

 d = 0.961933747708336

 m = 0.24881467963992246

mu = 6.623697521755774

 B = 12.9745722112227

do = 4.761199416539223

o  = 0.5282745843509151

to = 1.4396605226957808

If = 17.93723246635868

we = 4.761199416539223

n' = 5.573877551426095

't = 8.029230245249662

h  = 4.761199416539223

oo = 4.761199416539223

 p = 3.58856846897447

ch = 8.029230245249662

Bo = 27.8798712657936

Si = 12.9745722112227

 S = 3.58856846897447

 N = 4.761199416539223

r. = 75.66233841961999

uc = 27.8798712657936

os = 12.9745722112227

ss = 27.8798712657936
THE ANSWER: 0.7789914405522632
