
s  = 0.5901437729916694

 t = 0.022287406133469988

th = 5.015417636776878E-4

he = 0.7380673041235903

er = 0.18205863372151337

e  = 1.6246308722036873

!  = 2.0613155311673452

 w = 0.6388985337205402

.  = 0.35314744356006494

ou = 3.9466251728520225E-4

 o = 1.042691198929962

 c = 2.2593923481194245

ca = 16.175399914477588

 h = 0.10440322697604247

ar = 1.884463346841988

We = 16.175399914477588

el = 2.2593923481194245

ll = 2.2593923481194245

rr = 7.158547503814495

ry = 5.372180432860045

t  = 0.03797124424078515

es = 4.726456818689828

ir = 7.158547503814495

us = 7.158547503814495

il = 8.44059662991702

st = 1.725803704768106

l  = 3.0234198599894393

ve = 7.479151294685274

ur = 3.739575647342637

 f = 3.0234198599894393

fi = 7.158547503814495

y  = 1.884463346841988

wi = 8.44059662991702

se = 2.7351383543737913

rs = 28.33228913919313

 p = 4.726456818689828

e. = 7.158547503814495

pl = 16.175399914477588

la = 8.44059662991702

ac = 8.44059662991702

ce = 4.726456818689828

 u = 12.560157244623264

iv = 10.154718634492099

Gi = 34.29412179169461
THE ANSWER: 0.52215563680387
