 I = 0.48676168468419384

I  = 0.7202389456916923

 s = 1.300406075426828

sa = 0.6194893769770936

ay = 10.389931124223184

ha = 6.466589507496432E-5

 t = 1.2933179014992864E-4

th = 0.40600377922986797

he = 0.36226415094339626

e  = 0.3682986666948206

ou = 0.005934085657236443

u  = 0.12444753550355599

yi = 6.965472371166401

in = 0.05123857812705323

ng = 0.297256186480605

g  = 0.8766646047735495

en = 0.004487021290916007

to = 0.6194893769770936

o  = 6.031197618032697

 y = 0.7202389456916923

yo = 1.0383086041272682

.  = 2.9496152379243035

r  = 2.0843956931498715

!  = 0.297256186480605

,  = 1.2389787539541872

 h = 0.07252579605797925

ow = 0.8766646047735495

w  = 1.2405716465124625

 d = 0.1972678119448586

hi = 1.2405716465124625

an = 0.014659098557422649

y  = 2.3437099099944323

so = 4.2844098445247125

 o = 0.0029670428286182214

of = 0.6194893769770936

f  = 0.8766646047735495

st = 3.5504991811186146

os = 6.435314780568634

 n = 0.1972678119448586

do = 1.2405716465124625

 T = 2.6087766136450314

Th = 2.6087766136450314

im = 1.7752495905593073

pl = 6.435314780568634

ic = 2.6087766136450314

ce = 2.6087766136450314

n, = 6.965472371166401

 e = 2.6087766136450314

jo = 4.040001794808516

 f = 1.2405716465124625

 p = 13.930944742332802

 O = 1.7752495905593073

Oh = 1.7752495905593073

k  = 2.6087766136450314

un = 1.7752495905593073

ro = 13.930944742332802

o. = 2.6087766136450314

nk = 2.6087766136450314

t. = 13.930944742332802

h! = 6.965472371166401

 H = 6.965472371166401

la = 13.930944742332802

fa = 6.965472371166401

 M = 19.84490610907949

ni = 6.965472371166401
THE ANSWER: 0.5089996863422288
