
s  = 1.2982829272704444

 t = 4.6911322597787475

th = 1.963691182342899

he = 1.5227124805593528

e  = 0.6693466377932397

 i = 6.390615528374647

 I = 2.6260184297632283

I  = 6.530924380438943

 w = 1.1522218852315935

wa = 3.3290603363418896

.  = 5.456461231029074

Th = 11.304977356988452

ou = 0.053007627352619976

un = 7.363077432494908

hi = 0.7859494509979942

ng = 1.9634414164511256

is = 6.390615528374647

it = 2.107002546929731

lo = 7.363077432494908

 l = 2.6260184297632283

t. = 13.502268912463087

y  = 2.8358289287900935

o  = 1.4958050738097606

to = 3.0688848202900316

no = 11.304977356988452

ge = 16.582885381914508

ow = 4.326543880912813

e. = 9.65976387274931

ay = 4.326543880912813

w  = 5.8393002919701935

 k = 11.304977356988452

kn = 16.582885381914508
THE ANSWER: 0.3615129090993355
