
t  = 1.2030643329554318

 i = 3.6474630074469703

is = 2.168897942415923

 t = 2.6506688584265823

to = 1.0496233915774453

o  = 1.0496233915774453

th = 1.6202184118370087

he = 2.865124952351258

e  = 8.421096807443826

tr = 2.079556543557775

ai = 1.4782346794699124

in = 1.1781478822043643

n  = 2.5378587626249915

 I = 3.5955729772956113

 w = 5.130731243333701

ou = 0.7698209393980354

d  = 3.876104225682861

 b = 1.39163894899455

be = 1.1089132752818849

us = 0.04724518735370312

st = 0.6486572674897606

 a = 2.741781611306871

an = 0.05356240743645986

ny = 1.6596069237774494E-4

ha = 0.9720232829466494

av = 1.0526371009304782

ve = 1.491927752173259

 s = 1.0496233915774453

el = 0.15333801022799365

ll = 0.18923442907920338

,  = 0.1304443755787773

wh = 0.15333801022799365

er = 0.04351732079057279

re = 1.39163894899455

it = 0.021758660395286396

ro = 1.6596069237774494E-4

ow = 0.3016962129980178

wn = 1.6596069237774494E-4

 o = 1.0496233915774453

ac = 0.04724518735370312

ck = 1.2107688952957745

.  = 0.7698209393980354

 A = 2.196427602361338

An = 1.098213801180669

nd = 0.9277592993296999

 u = 0.6382053617209658

en = 1.0526371009304782

 c = 0.11272105480748265

up = 0.056360527403741326

le = 6.589282807084016

li = 0.29631433073538743

tt = 1.6596069237774494E-4

la = 0.15333801022799365

s  = 0.07717385112155382

e? = 2.196427602361338

?  = 56.44652290850087

y  = 4.325367660313239

 n = 1.0526371009304782

no = 0.29631433073538743

on = 1.9380521128414305

ne = 1.2764107234419315

k  = 5.909636277704927

me = 2.168897942415923

wa = 0.6382053617209658

 g = 0.29631433073538743

go = 0.04724518735370312

 W = 0.3191026808604829

Wh = 1.098213801180669

ot = 0.15333801022799365

ar = 2.421537790591549

ri = 2.677087367838069

ic = 4.336416818773382

e. = 1.6596069237774494E-4

ur = 3.269498106493527

e, = 0.15333801022799365

ss = 4.008276656408414

od = 0.04724518735370312

ut = 0.6382053617209658

rs = 0.04724518735370312

oa = 7.434708478499605

t, = 1.2107688952957745

ki = 0.3191026808604829

 T = 0.15333801022799365

ie = 1.6596069237774494E-4

r  = 0.2362259367685159

ag = 0.3191026808604829

 C = 11.067687887336174

Co = 1.098213801180669

nn = 0.3191026808604829

ch = 0.3191026808604829

te = 0.29631433073538743

's = 0.3191026808604829

lo = 2.220462302156996

rt = 1.2107688952957745

at = 6.538996212987054

wi = 0.46387964966484996

l  = 3.319213847554899E-4

si = 0.056360527403741326

ak = 1.098213801180669

ps = 1.098213801180669

s. = 2.196427602361338

u  = 4.899942870843707

n, = 0.3191026808604829

os = 0.3191026808604829

 y = 8.025590794321314

yo = 8.025590794321314

 M = 18.59920788796765

Mr = 7.434708478499605

r. = 1.098213801180669

 H = 8.016553312816828

Ha = 1.098213801180669

al = 0.056360527403741326

 f = 0.02863409470559201

yb = 1.098213801180669

t. = 1.098213801180669

om = 0.29631433073538743

p  = 0.3191026808604829

 d = 0.29631433073538743

do = 1.6596069237774494E-4

op = 0.3191026808604829

pe = 1.6596069237774494E-4

ct = 14.80394108954543

ea = 0.04724518735370312

dy = 0.3191026808604829

ta = 4.008276656408414

n. = 0.04724518735370312

gi = 1.098213801180669

ts = 5.909636277704927

n! = 1.098213801180669

!  = 37.9443768564098

ir = 49.66950542990102

sp = 1.098213801180669

cs = 14.80394108954543

by = 0.3191026808604829

iv = 1.098213801180669

de = 0.3191026808604829

bo = 2.196427602361338

nt = 2.196427602361338

He = 7.434708478499605
THE ANSWER: 0.8231418378146371
