
's = 0.04367680806654454

s  = 0.9652165704224629

 t = 0.3993343641401896

th = 0.9623811342124945

he = 0.7078172633761082

re = 0.07463258828550083

?  = 5.139985419111633

 C = 0.2726068305125171

om = 0.48140946563276665

me = 0.29294251624348694

e  = 0.006206755253218509

in = 0.6788389931593815

!  = 2.4755769027613685

 I = 0.003832562084989262

I  = 0.001916281042494631

 w = 0.3436594507411185

as = 0.28505202968667454

sl = 4.282646604248546

ee = 0.12251266756727923

.  = 14.0573256369944

 T = 2.062139702916401

ou = 2.0982314064838334

nd = 0.20017885129065852

d  = 0.9628189312655333

 o = 0.09637249484922732

of = 0.1982084317892427

f  = 0.003832562084989262

 L = 0.6685550411278566

LA = 10.563329087600934

 b = 5.424898146985526

br = 4.5678881164318055

ea = 0.0044753090869595995

at = 0.5701040593733491

hi = 0.6949969146571088

ng = 0.19420383255334717

g  = 0.12251266756727923

 c = 0.07801971675247099

ca = 1.3323492795580176

an = 0.10316615292343448

n  = 0.008950618173919199

be = 0.5452136610250342

 h = 0.14446849398305703

ar = 0.017109990757702243

d. = 0.47626748961700405

We = 1.3323492795580176

ll = 0.07801971675247099

ha = 1.7691332045573231

t  = 0.40035770258131703

is = 0.5103387042510632

it = 0.016219676413851174

Y  = 2.6646985591160353

co = 0.020633230584686912

es = 0.9525349792340081

al = 0.06473461085111565

lo = 1.2377884513806843

ra = 1.5991952157000704

av = 0.04367680806654454

vi = 2.2839440582159027

pp = 0.7995976078500352

or = 0.14373958336336976

id = 0.017203891923832197

 r = 0.14373958336336976

us = 2.062139702916401

 l = 0.003832562084989262

li = 0.725860962604801

ig = 0.2726068305125171

t. = 0.47626748961700405

 A = 0.06473461085111565

 y = 0.4643242810718539

yo = 1.7064118957322838

st = 0.41309408126329084

ta = 0.0022376545434797997

l  = 0.07935506721914484

ai = 0.9525349792340081

ve = 0.19420383255334717

a  = 2.062139702916401

 d = 0.0044753090869595995

 m = 0.5103387042510632

ma = 0.017203891923832197

 H = 0.04367680806654454

ed = 0.0022376545434797997

ur = 0.017203891923832197

r  = 0.07801971675247099

ke = 0.725860962604801

 f = 0.07935506721914484

y  = 0.017109990757702243

ov = 2.6646985591160353

do = 1.5991952157000704

o  = 0.15871013443828969

to = 0.8178204915375511

ol = 2.2839440582159027

 - = 0.47626748961700405

we = 0.06473461085111565

en = 1.3630341525625853

ro = 0.07801971675247099

ot = 0.001916281042494631

wi = 0.2726068305125171

h  = 1.5991952157000704

 n = 0.14373958336336976

se = 0.12251266756727923

ul = 0.7995976078500352

rs = 0.14373958336336976

og = 1.3323492795580176

ge = 0.7995976078500352

op = 12.65821128927925

qu = 2.2839440582159027

ui = 2.2839440582159027

gs = 4.282646604248546

em = 6.147747555514547

-- = 0.017203891923832197

oo = 0.06473461085111565

Ho = 0.14373958336336976

ly = 2.062139702916401

fr = 6.147747555514547

m  = 0.017203891923832197

im = 0.06473461085111565

e. = 2.062139702916401

s- = 4.282646604248546

la = 0.2726068305125171

ac = 2.6646985591160353

ce = 3.3676400653622456

ch = 0.47626748961700405

sa = 0.0022376545434797997

aw = 0.7995976078500352

ap = 0.47626748961700405

pe = 10.250889971070277

mo = 0.14373958336336976

nt = 2.6646985591160353

ob = 2.2839440582159027

 M = 4.282646604248546

ak = 0.7995976078500352

tr = 0.06473461085111565

 S = 6.9334130277264805

Lo = 2.2839440582159027

 N = 0.06473461085111565

No = 0.06473461085111565

nc = 6.147747555514547

 O = 4.282646604248546

r. = 4.282646604248546

ec = 1.3323492795580176

ct = 2.2839440582159027

ba = 4.282646604248546

g? = 2.2839440582159027

s. = 4.282646604248546

gl = 2.2839440582159027

Ca = 2.2839440582159027

e' = 16.522014786577895

os = 1.3323492795580176

ok = 8.565293208497092

bl = 4.282646604248546

Is = 4.282646604248546

 E = 12.65821128927925
THE ANSWER: 0.4047710097677051
