
 t = 1.13465042961041

ea = 11.226005860072894

Hi = 70.39635889373258

so = 16.141110733938397

on = 7.743893375259058

gh = 18.719691478392257

h  = 10.136094833130851

as = 5.739728886999891

ig = 18.719691478392257

re = 12.535299792753522

tr = 26.97955406274566

!  = 70.39635889373258
THE ANSWER: 0.8079893374813185
