
t  = 1.6443137576693487

 i = 0.0018254076533216232

n' = 3.5188819157053284

't = 3.5188819157053284

 t = 0.8139574496502957

to = 0.09860299055983861

o  = 0.09860299055983861

he = 0.12125914885817549

e  = 1.235592345031896

n  = 8.82650513917775E-5

 w = 0.10532556623625412

ou = 0.09860299055983861

 s = 0.09860299055983861

,  = 7.208587495328693

it = 0.7048334773447333

 m = 0.1664039090252198

ig = 2.782353297861052

gh = 1.8223261462381029

ht = 2.238210961541377

 o = 0.09860299055983861

.  = 6.262835963436265

on = 4.034131147570222

we = 2.238210961541377

ei = 8.806648273631767

 p = 0.5839409603791799

 S = 14.160447648066459

ss = 14.160447648066459

oo = 2.238210961541377

ut = 4.563228583988964

t, = 6.146256840541483

 T = 2.782353297861052

Th = 4.563228583988964

ch = 8.806648273631767

si = 6.146256840541483

u  = 8.806648273631767

os = 8.806648273631767

 y = 3.5188819157053284

yo = 3.5188819157053284

r. = 39.061510553256426

 d = 2.238210961541377

do = 4.563228583988964

 N = 8.806648273631767

pu = 14.160447648066459

h  = 2.782353297861052

ir = 39.061510553256426
THE ANSWER: 0.6753925471223038
