
I  = 0.47981754388126613

 s = 0.19049424450100927

sa = 0.04218739410891302

ay = 0.04218739410891302

 w = 0.5206418917056618

ha = 6.8688857611248295

at = 12.072674400694954

s  = 0.09984874902195137

 t = 1.243135501355892

th = 0.07971562569197282

he = 0.495487213772355

e  = 0.4328604446870589

 m = 9.318415653706189E-4

er = 0.6958460329293225

?  = 1.2391892901369577

ou = 0.5665631372718143

u  = 0.36493617033376624

re = 0.42732251883706185

ry = 0.5101871076253902

in = 0.0344474732601377

ng = 0.7413087396237235

g  = 1.8738625371966513

en = 0.0011169128392932758

n  = 0.28328156863590714

to = 4.2057706406757305

o  = 7.60998214098686

 y = 0.0011169128392932758

yo = 0.03985781284598641

.  = 1.2697114012227404

!  = 5.902669770514613

 h = 0.24166359353312955

ho = 0.0065182702556172475

ow = 1.8738625371966513

w  = 0.26393911763075045

id = 0.9369312685983257

t  = 1.3494914147357275

nt = 10.244655388046553

hi = 0.26393911763075045

s? = 1.7246677715278507

Is = 3.414885129348851

 a = 2.308748812146568

an = 0.21366125941853092

ll = 0.049924374510975686

pe = 3.4493355430557013

ut = 3.4344428805624148

al = 0.5278782352615009

l  = 9.318415653706189E-4

da = 3.414885129348851

 n = 0.5278782352615009

na = 0.9369312685983257

ti = 1.7246677715278507

ty = 10.324949326301653

ea = 8.096626159446142

y! = 10.324949326301653

ev = 0.12083179676656478

ve = 2.3007437197551357

me = 0.7413087396237235

 b = 1.2391892901369577

ad = 0.12083179676656478

t? = 1.7246677715278507

 W = 4.2057706406757305

 k = 0.26393911763075045

kn = 0.5101871076253902

no = 0.7413087396237235

be = 2.5326732037131077

se = 0.0065182702556172475

 T = 0.9369312685983257

Th = 0.9369312685983257

im = 0.5101871076253902

 e = 0.9369312685983257

yt = 3.414885129348851

ri = 0.9369312685983257

ur = 0.26393911763075045

wa = 3.4493355430557013

 r = 2.5326732037131077

av = 4.778560558920111

Wh = 18.137494378145924

 D = 3.414885129348851

Do = 3.414885129348851

 S = 3.414885129348851

ai = 3.414885129348851

ts = 3.414885129348851

e. = 1.7246677715278507
THE ANSWER: 0.4156529699119931
