
 g = 2.0200761612690403

d  = 1.2058213371696203

ad = 2.341606574038007

.  = 0.3484459621114904

 s = 0.6881837657959413

so = 3.8230106901276724

ha = 2.0200761612690403

ed = 11.343936460984116

ou = 4.040152322538081

,  = 4.346702651893054

si = 7.164941166235292

 i = 2.8483267120816786

it = 0.8948248278728732

in = 0.09152435242654262

an = 0.301488955179931

ee = 4.6121337066048556

 l = 3.8230106901276724

 y = 16.328183415379186

yo = 16.328183415379186

u  = 4.6121337066048556

nd = 0.6029106685848101

o  = 0.8948248278728732

gl = 20.739766622441653

la = 13.182855920713978

Th = 5.671968230492058

ke = 7.164941166235292

k  = 13.182855920713978

de = 5.671968230492058

ir = 13.182855920713978

li = 13.182855920713978

-- = 13.182855920713978

d- = 20.739766622441653
THE ANSWER: 0.6032957911064581
