 I = 1.0715257134363856

I  = 1.336706467168715

e  = 0.004829072532699182

 m = 3.6103522592152215

ma = 7.173020709472851

ou = 0.3124184918108243

 y = 1.336706467168715

yo = 1.6776948944708683

.  = 0.4971622186990796

r  = 2.7387101169242967

,  = 1.8860929449068573

 d = 3.133181547940763

t  = 0.10345018140796987

n' = 3.133181547940763

't = 3.133181547940763

 a = 0.14105031011987024

an = 1.8860929449068573

le = 3.6103522592152215

es = 2.1269799983013424

st = 4.1977886775003315

y. = 16.212866627031314

ty = 25.290762485136742

ea = 4.9368404429250905

as = 3.133181547940763

do = 7.173020709472851

se = 4.1977886775003315

pl = 7.173020709472851

 p = 16.212866627031314

ur = 7.173020709472851
THE ANSWER: 0.36089503192242495
