
!  = 22.26228129777476

ll = 18.23244012230338

al = 20.063807773676977

lo = 58.58079242398506

Ha = 119.14493799898081
THE ANSWER: 0.6847248839560948
