
 t = 0.8801633521163098

to = 0.022753173141123455

o  = 2.5356499004219093

th = 0.8311189918524094

he = 0.702375308580534

e  = 1.489680899149784

in = 0.31189304419135205

I  = 1.609701632170136

ou = 0.5457831116816272

st = 3.9753736216307116

ng = 0.00205688743080577

g  = 0.19186988269170877

an = 0.07692543659347814

hi = 0.2728915558408136

 h = 0.07692543659347814

ha = 0.011053768736855586

 s = 2.5356499004219093

,  = 0.7565712530364666

ro = 10.047064412709503

ow = 1.6973588995755742

 o = 0.022753173141123455

of = 0.3782856265182333

f  = 0.3782856265182333

.  = 5.8231031335696875

en = 0.2728915558408136

pl = 8.108517870795238

la = 6.667864592673695

y  = 1.888142352847583

 n = 0.2728915558408136

k  = 3.3339322963368474

 p = 1.864197428903131

ic = 1.2524921490394794

ce = 0.6946874904957718

im = 1.6973588995755742

nk = 5.023532206354751

 T = 1.2524921490394794

Th = 2.341382955628758

un = 3.3339322963368474

r  = 0.31761233516828297

so = 3.3947177991511484

u  = 5.023532206354751

n, = 5.023532206354751

os = 16.911517079294363

 y = 8.108517870795238

yo = 8.108517870795238

u, = 5.023532206354751

 M = 23.82899625913586

Mr = 23.82899625913586

 H = 5.023532206354751

 f = 0.5153638139824628

fa = 3.3339322963368474

ay = 31.587704229473232

t. = 23.82899625913586

 d = 0.9320987144515654

do = 2.341382955628758

ni = 8.455758539647181

!  = 8.455758539647181

w  = 8.455758539647181

oy = 8.455758539647181

 e = 8.455758539647181
THE ANSWER: 0.7378351934573428
