
Wh = 1.754456080911134

ho = 1.0284518635039286

s  = 1.0893708739676844

 t = 0.7657136486554469

th = 0.06915830034947287

he = 0.9018489504333926

er = 0.7426901992245726

re = 0.008065462716099075

?  = 0.14331706826299082

me = 0.11067453589713269

e  = 0.253078344791701

in = 0.1265391723958505

!  = 8.561187073687703

 I = 12.556400003806818

I  = 9.44456257656117

 w = 0.23043693625714842

wa = 1.348434057341368

 a = 0.9513121955397722

ep = 17.7967568655229

.  = 0.46934820529065724

 T = 1.0284518635039286

Th = 1.3670367887883863

 s = 0.008065462716099075

ou = 0.7232043858036514

 b = 4.517540851883626

ea = 6.324960606262483

at = 12.306808200929261

hi = 0.43267760944706457

ng = 0.4674904795635214

g  = 1.7870060607534088

an = 0.7021290795209961

n  = 0.662016037869954

be = 2.7340735775767726

 h = 0.1265391723958505

ll = 0.021216951143003766

ry = 0.5848186936370448

ha = 7.818376760798177

t  = 5.014187999559499

t? = 1.0284518635039286

ti = 0.7763620051461493

al = 5.022560001522726

ra = 0.7763620051461493

av = 2.369540132214311

ts = 1.3670367887883863

ut = 9.44456257656117

id = 0.2337452397817607

 r = 5.940661875215927

ad = 0.5848186936370448

 y = 0.05825650591483868

yo = 0.14671837691104253

u  = 0.01384741046695873

l? = 2.511280000761363

l  = 0.11147451088091968

ai = 0.4373092343815218

ve = 2.329086015438448

 m = 0.32732324859695455

ur = 0.2337452397817607

 D = 0.5848186936370448

o  = 7.677480740461777

to = 4.101110366365158

 - = 1.8353643144628613

-  = 5.316228497726562

en = 0.14259513298700388

Go = 5.940661875215927

od = 3.6707286289257226

 n = 5.940661875215927

na = 1.3670367887883863

no = 7.100949936303827

se = 0.07129756649350194

y! = 17.7967568655229

 e = 1.3670367887883863

ri = 1.3670367887883863

s? = 1.0284518635039286

d! = 13.488048368303915

ow = 2.056903727007857

im = 0.7763620051461493

e. = 1.0284518635039286

ay = 0.11147451088091968

ys = 2.511280000761363

w  = 0.32282516431618513

sa = 0.32282516431618513

pe = 10.632456995453124

nt = 15.948685493179683

yt = 3.5504749681519137

 S = 0.4373092343815218

Do = 8.89837843276145

 k = 1.3670367887883863

kn = 2.511280000761363

In = 8.89837843276145

tu = 5.316228497726562

ev = 5.316228497726562

pr = 5.316228497726562

bu = 8.89837843276145

Sp = 8.89837843276145

Is = 8.89837843276145
THE ANSWER: 0.5736189468349153
