
t  = 0.021965738761636735

 t = 0.4726148109089579

th = 0.04636380443965083

he = 0.5782677346903906

e  = 0.15779409851445883

 w = 0.015589405383139432

ou = 0.264915469006645

us = 4.615642697892156

st = 2.120661256554203

 h = 0.15007539382226734

ve = 3.896473810097288

se = 2.120661256554203

el = 3.7130006802342974

ll = 1.5239294029730919

er = 0.12146848458522819

 o = 0.264915469006645

ac = 4.615642697892156

.  = 0.264915469006645

 u = 5.890146925314508

 c = 3.7130006802342974

pl = 4.615642697892156

la = 3.7130006802342974

s  = 1.5161834564869412

y  = 0.15007539382226734

 W = 11.042190848510675

ca = 11.042190848510675

ar = 3.7130006802342974

rr = 11.042190848510675

ry = 11.042190848510675

 p = 0.9542110561453567

ce = 2.5274869945260696

e. = 5.890146925314508

ur = 4.615642697892156

es = 3.7130006802342974

rs = 18.392773106129788

il = 2.120661256554203

wi = 2.5274869945260696

l  = 2.5274869945260696

lv = 17.522766012635948

 f = 2.120661256554203

!  = 17.522766012635948

ir = 17.522766012635948

iv = 17.522766012635948

fi = 17.522766012635948
THE ANSWER: 0.6315072818324005
