
re = 4.38060414822796

.  = 4.909426285048879

on = 7.827028899064917

es = 20.28619254682286

or = 7.260827246202286

r  = 4.14745242443707

so = 12.21995963016473

 M = 75.8878670104283

Mr = 75.8878670104283

n. = 23.98863534331268
THE ANSWER: 0.7353908712550868
