
I  = 2.0556069725535386

 s = 0.04298900171743803

sa = 0.2047827512656753

 w = 1.0039900952474345

wh = 0.34426983095725516

ha = 1.8463858397227009

t' = 0.01699927675692904

's = 0.0714907388111845

s  = 0.5539849594184976

 t = 0.01619376125057875

th = 0.4567507648339253

he = 0.3640084899939353

e  = 0.8298352928424739

 m = 0.5019950476237173

te = 0.005179155889527702

er = 1.3459687278165515

?  = 1.237113839860324

 Y = 0.8318674381259427

Yo = 0.8385084031038159

ou = 0.10199566054157425

u  = 0.06624810214363656

we = 0.10278785687142213

re = 2.8730524535101805

in = 2.6955313034661383

ng = 0.5019950476237173

en = 0.0012713667542847305

n  = 0.5436884242891411

ok = 4.523627983377668

ke = 1.4832612133321894

to = 0.0714907388111845

 y = 0.8424252707967865

yo = 0.05099783027078712

.  = 0.5112196416377459

r  = 0.8539217549064075

!  = 2.647227684974232

,  = 0.142981477622369

 h = 0.015537467668583048

ow = 0.20557571374284425

 d = 0.03399855351385808

id = 0.10278785687142213

d  = 3.0572861872110733

 g = 0.2047827512656753

ge = 1.4832612133321894

 i = 0.015537467668583048

nt = 0.10278785687142213

hi = 1.8478010039594497

is = 3.8485939664366176

sn = 0.10278785687142213

it = 0.013429751321198464

 a = 0.5481009178007107

an = 1.6637348762518853

ly = 0.09632428446554969

y  = 0.37682440572041753

op = 2.565729310957746

pe = 0.8385084031038159

el = 0.01699927675692904

le = 0.5019950476237173

es = 0.28831655981465365

or = 0.443878614245262

rt = 1.282864655478873

 o = 0.5436884242891411

 l = 0.0714907388111845

li = 0.443878614245262

fe = 0.41925420155190796

e? = 0.41925420155190796

us = 0.34426983095725516

st = 0.34426983095725516

ut = 0.34426983095725516

os = 0.01699927675692904

ta = 0.10278785687142213

al = 0.6729843639082758

da = 4.523627983377668

y. = 0.41925420155190796

ti = 2.565729310957746

ar = 0.887757228490524

 R = 0.005179155889527702

ve = 0.6729843639082758

me = 0.5019950476237173

a  = 1.257762604655724

si = 0.2047827512656753

rl = 2.565729310957746

l. = 0.10278785687142213

as = 0.6729843639082758

 b = 0.25560982081887296

ba = 5.587634995157951

 k = 0.01699927675692904

kn = 0.005179155889527702

no = 0.5019950476237173

m  = 3.8485939664366176

do = 0.01699927675692904

sh = 0.41925420155190796

se = 0.34426983095725516

tr = 0.10278785687142213

e! = 0.41925420155190796

Th = 1.4832612133321894

im = 2.6723297357973808

nd = 1.2342864363164205

d- = 1.282864655478873

-- = 0.3083635706142662

ff = 1.282864655478873

fi = 0.005179155889527702

ed = 2.6723297357973808

ik = 1.282864655478873

lo = 0.10278785687142213

bi = 0.41925420155190796

 f = 0.01699927675692904

 p = 2.565729310957746

rf = 1.282864655478873

tl = 0.10278785687142213

 O = 0.005179155889527702

Oh = 0.005179155889527702

ot = 0.5019950476237173

u' = 0.10278785687142213

de = 0.005179155889527702

my = 4.523627983377668

ro = 2.565729310957746

h! = 1.282864655478873

d. = 0.41925420155190796

 H = 8.311535420522942

Ha = 4.523627983377668

av = 0.10278785687142213

ie = 1.282864655478873

Ye = 0.10278785687142213

ns = 1.4832612133321894

br = 1.282864655478873

om = 0.41925420155190796

fo = 1.282864655478873

h  = 2.565729310957746

mo = 1.282864655478873

 D = 1.282864655478873

s, = 4.523627983377668

wi = 1.282864655478873

 S = 4.523627983377668

 M = 1.282864655478873

ca = 1.282864655478873

ag = 1.282864655478873

ni = 1.282864655478873

ts = 1.282864655478873

e. = 2.565729310957746
THE ANSWER: 0.26551856050895345
