
t  = 0.15439603859900966

 i = 9.666669083333704E-7

n' = 3.305657659747747

't = 3.305657659747747

th = 0.21296880324220097

e  = 4.481457164320395E-4

in = 0.01647968059050844

n  = 0.8421747105436773

 I = 1.857933797816782

I  = 3.7441435978006052

 w = 0.19937504984376242

wo = 0.27480567981253096

 b = 1.5294614977499896

be = 3.0452392481519164

st = 1.3766912441728107

 a = 0.004440626110156543

 h = 0.020934659079818563

ha = 0.09968752492188121

av = 0.928966898908391

ve = 2.492608968390337

el = 2.601947971915564

ll = 0.928966898908391

er = 0.011284493561864102

it = 4.647831645291245

 m = 0.13228180687997548

.  = 1.857933797816782

en = 0.928966898908391

le = 25.10908352727088

 l = 1.6866798938921954

li = 2.082795020698755

tt = 4.304658126164531

tl = 8.369694509090293

on = 3.7441435978006052

ri = 1.6866798938921954

es = 2.601947971915564

d. = 5.820417455104363

a  = 1.6866798938921954

te = 2.082795020698755

lo = 4.304658126164531

wi = 1.6866798938921954

r. = 13.50276587569147

al = 5.820417455104363

 f = 1.3766912441728107

fa = 5.820417455104363

ed = 4.304658126164531

!  = 13.50276587569147

h  = 2.601947971915564

mo = 13.50276587569147
THE ANSWER: 0.4398918373101881
