
 w = 0.031003833557184803

e  = 1.2144922734068624

 m = 0.7320345132473552

ou = 0.1064558419857411

u  = 0.4312733111781863

n  = 0.12488185615415104

 y = 0.05366694784055071

yo = 0.12488185615415104

.  = 2.393976477415733

!  = 0.7320345132473552

,  = 0.1768854741506347

 h = 3.2095839158859363

ho = 5.722430561907376

 d = 0.563767188024025

id = 14.93475410835696

t  = 0.03048873441263453

is = 3.9953657123692796

n' = 10.670327660083446

't = 10.670327660083446

le = 0.7320345132473552

or = 9.630820626064382

on = 10.670327660083446

ea = 1.2295496813927256

me = 0.7320345132473552

as = 0.563767188024025

 b = 2.8062339298962367

be = 9.630820626064382

do = 2.120572781690499

se = 5.722430561907376

-- = 0.7320345132473552

-o = 9.805237964572092

t- = 9.805237964572092

ri = 14.93475410835696

wo = 5.9165320080896775

un = 2.861215280953688

ro = 5.9165320080896775

d. = 19.610475929144183

om = 5.9165320080896775

h  = 5.9165320080896775

Do = 9.805237964572092

rr = 19.610475929144183

 M = 9.805237964572092
THE ANSWER: 0.5565486367994249
