
s  = 0.1366707439029315

 g = 0.2273223698936553

go = 1.566200517676255

d  = 0.6549617370759654

r  = 5.233207223643618

 t = 1.1622446704987979

e  = 3.003393793538866

 h = 0.13132508863707806

.  = 4.576004862147932

hi = 0.09951436464693084

 w = 0.40568868732950797

wh = 4.743706688178923

e. = 7.632032876154936

on = 0.05949671532462927

ha = 2.673453497365453

at = 3.68488953731575

t  = 0.006281418987772159

 d = 0.0031407094938860794

es = 6.538471938672039

lo = 12.280194151129619

ed = 0.3237986724730096

,  = 2.5237010397090427

 m = 0.2575482742824479

 I = 0.3237986724730096

in = 0.3293769461853505

an = 1.6709261966890776

er = 0.03142224265285793

al = 8.279527497636552

ne = 23.71853344089462

ma = 1.144001215536983

r. = 3.1271897209866197

s, = 16.06453677289095

o  = 0.0031407094938860794

to = 0.013183327222699825

 M = 24.096805159336427

ar = 1.566200517676255

ll = 12.280194151129619

di = 3.1271897209866197

 T = 0.8412336799030145

Th = 1.566200517676255

ot = 0.8412336799030145

s. = 2.1794906462240133

ke = 2.1794906462240133

?  = 8.032268386445475

's = 8.032268386445475

d, = 4.743706688178923

rk = 8.032268386445475

nn = 4.743706688178923

!  = 39.03415221124075

 G = 8.032268386445475
THE ANSWER: 0.6300978233676601
