
t  = 0.14509018484397476

 i = 0.739091710357343

is = 0.10788604386226727

sn = 2.5910107434669705

n' = 0.601908573334286

't = 0.601908573334286

 t = 2.936162519354915

to = 0.0026089235093737216

o  = 0.527075995140427

th = 0.9777927058767482

he = 0.14509018484397476

e  = 2.7774141073676546

in = 0.003913385264060598

n  = 0.14002572714928896

 I = 0.527075995140427

I  = 0.07001286357464448

 w = 0.7299691404143632

ou = 0.0026089235093737216

ul = 0.002243099571763899

d  = 0.9745887690388974

 b = 0.004486199143527798

be = 0.15127817877192568

us = 0.601908573334286

st = 1.525679463108177

ti = 0.05139026656185237

ng = 0.10278053312370473

 a = 1.0485131851640106

hi = 0.0013044617546868608

 h = 0.6206813296758268

ha = 0.3649845702071816

 s = 0.0026089235093737216

ll = 0.0013044617546868608

,  = 4.8235574930322285

wh = 0.3677761329644413

er = 0.031107798797357932

re = 0.3418861811858311

it = 0.5657550680101955

gh = 0.11396206039527698

ht = 0.21406274565854355

ow = 3.982860409796734

wn = 0.9647114986064462

 o = 0.4258279450284148

ck = 1.552687772457657

.  = 0.4258279450284148

en = 0.0013044617546868608

 l = 0.11396206039527698

tt = 5.182021486933941

s  = 0.17639373799453842

?  = 9.510400914743085

y  = 0.6206813296758268

no = 0.21406274565854355

on = 0.07001286357464448

k  = 1.552687772457657

me = 0.10788604386226727

 g = 0.21406274565854355

go = 0.601908573334286

we = 0.21406274565854355

ar = 0.3677761329644413

 p = 0.03876242883346435

pr = 0.9647114986064462

 S = 13.926324114438168

ur = 0.601908573334286

e, = 0.3677761329644413

or = 0.22792412079055396

ad = 0.3677761329644413

I' = 4.755200457371543

nk = 2.5910107434669705

r  = 0.015047629634923272

Co = 4.755200457371543

te = 0.21406274565854355

t' = 9.510400914743085

's = 9.510400914743085

lo = 0.9647114986064462

so = 0.016112211950130885

rt = 1.552687772457657

l  = 1.9294229972128925

u  = 2.5910107434669705

n, = 2.5910107434669705

 y = 0.601908573334286

yo = 3.982860409796734

r. = 4.755200457371543

al = 6.895864503680412

oc = 13.926324114438168

et = 3.105375544915314

om = 0.21406274565854355

 k = 2.5910107434669705

 d = 6.5095359108125495

do = 5.182021486933941

ct = 13.926324114438168

ea = 0.601908573334286

ta = 4.755200457371543

kn = 4.755200457371543

!  = 13.926324114438168

dr = 2.5910107434669705

ug = 2.5910107434669705

oy = 4.755200457371543

bo = 2.5910107434669705
THE ANSWER: 0.48388452845666485
