
I  = 0.5401875287401671

 s = 0.07253985739225875

ha = 0.667073359871788

 t = 0.01518348330905544

th = 0.5212895220910123

he = 0.4708695652173912

e  = 0.03449081162336606

ma = 1.055893604921677

ou = 0.5212895220910123

u  = 0.07491469782350199

re = 0.4216876104159573

en = 0.021405676472108816

 y = 0.021405676472108816

yo = 5.974383497906231E-4

.  = 0.7535713712703694

ee = 1.5440045494494135

!  = 0.2164136897068707

 h = 1.453554995901064

 a = 0.8441861082506278

an = 0.001786692860466323

ll = 0.07491469782350199

so = 0.49703316445225665

 l = 0.49703316445225665

st = 8.000956888326996

os = 1.055893604921677

on = 0.13301687714136662

ea = 0.49703316445225665

ve = 2.111787209843354

as = 0.13301687714136662

 W = 3.7616140205759185

m  = 2.3103564597011843

tr = 19.041686915163105

 T = 9.42393734167399

lo = 2.3103564597011843

am = 1.5440045494494135

ck = 12.694457943442075

k  = 9.42393734167399

 H = 6.347228971721037

av = 9.42393734167399

ru = 12.694457943442075

om = 3.633190301401023

il = 6.347228971721037

h  = 3.633190301401023

 D = 6.347228971721037

 M = 6.347228971721037

ig = 6.347228971721037

gh = 6.347228971721037

n. = 6.347228971721037
THE ANSWER: 0.37369632728432295
