
 t = 0.03373987391206654

th = 0.43394772968870754

he = 0.600812209760735

e  = 0.24221621469285856

in = 0.12110810734642928

!  = 0.47182305858465945

I  = 8.88272857946791

.  = 7.105830573583848

 T = 2.9144658832674044

Th = 3.564877454326072

 s = 3.491328540025646

so = 33.980644410668226

ou = 3.345210615129496E-6

un = 2.020578216978657

 o = 0.10204608345293459

of = 0.7631893835124741

f  = 0.3370723325843313

hi = 0.0029888907888541453

ng = 0.1589528821732523

g  = 0.7631893835124741

an = 0.0494919503557015

 h = 0.12110810734642928

,  = 1.9340651236097546

ha = 8.026339892596474E-4

t. = 17.786668043491645

 y = 0.3521007577218815

yo = 0.20409216690586918

u  = 0.031393787415952626

st = 3.4062277068322135

 d = 0.23543102744979183

 H = 1.046673836058339

r  = 4.413138468922736

 f = 0.8936278465679456

y  = 9.982563901642488

nk = 2.020578216978657

k  = 1.7031138534161068

do = 2.4147711551082134

o  = 5.7219942495959035

to = 0.47182305858465945

en = 0.03179451544388997

ro = 4.413138468922736

u, = 10.688029025545054

 n = 2.9144658832674044

 e = 3.564877454326072

m. = 10.688029025545054

Ho = 2.9144658832674044

ow = 0.8936278465679456

ni = 3.564877454326072

 p = 8.88272857946791

im = 2.4147711551082134

ay = 14.413356423997245

n, = 5.679571548100583

w  = 1.4431959207788114

fa = 10.688029025545054

pl = 26.412329750523565

la = 15.101579093290031

ce = 1.7031138534161068

sa = 1.4431959207788114

 F = 26.412329750523565

Fr = 46.613044992235324

ic = 7.5507895466450154

 M = 46.613044992235324

oy = 16.990322205334113

 O = 16.990322205334113

yi = 16.990322205334113

os = 26.412329750523565
THE ANSWER: 0.8529468648807462
