
s  = 0.28621491892479917

 t = 0.0017923212627078992

th = 0.11250545055335154

he = 0.02227301098214139

er = 0.0750036337022344

re = 0.33186164682452507

e  = 1.4451208061288006

 i = 0.04826719566511123

in = 0.3623421380238915

 w = 0.017112077291974514

as = 0.18865149603599804

 a = 0.7225604030644003

le = 5.56971246605741

.  = 1.7256475340070427

 T = 9.537428633659356

Th = 11.17161718400296

 s = 1.9763224585950876

ou = 0.9454681156438669

un = 1.2912638723818046

nd = 0.0011376382093115475

d  = 0.16215036141689368

 o = 4.149047635141788

of = 0.37821546471514333

f  = 0.10935845080619488

 b = 2.863238888893402

ea = 0.056268081828010276

hi = 0.09109975964630451

ng = 1.409364236177485

g  = 0.37821546471514333

an = 0.0926113361985871

be = 0.7046821180887425

ar = 0.14523833870992625

el = 0.2408534676881334

ll = 0.2408534676881334

t  = 0.002275276418623095

is = 0.04826719566511123

it = 5.118327468948541

co = 1.2912638723818046

es = 1.0536978167617799

rt = 1.589552645163724

lo = 1.2912638723818046

on = 0.023091746801055746

vi = 8.054934503321137

pp = 4.118607513853088

po = 3.152368852290325

si = 16.109869006642274

id = 0.7046821180887425

de = 1.9713351540432493

 r = 21.194715182058125

us = 1.9713351540432493

 l = 0.10935845080619488

ig = 2.472394428776496

gh = 4.118607513853088

ht = 5.58580859200148

t. = 13.282912797761455

st = 2.1073956335235597

ta = 0.8616737990131764

l  = 0.46776989725304957

ve = 0.023091746801055746

a  = 1.9713351540432493

 m = 0.04826719566511123

te = 0.30339522090034393

mu = 2.472394428776496

r  = 0.2408534676881334

ov = 2.472394428776496

k  = 1.0536978167617799

o  = 0.9355397945060991

to = 0.18865149603599804

ol = 8.054934503321137

en = 0.004503653909062822

ot = 1.0536978167617799

wi = 2.472394428776496

h  = 1.589552645163724

no = 2.472394428776496

se = 0.37821546471514333

ge = 4.118607513853088

op = 13.028872497568955

io = 4.118607513853088

ri = 11.17161718400296

;  = 36.041307155242045

e. = 1.9713351540432493

Al = 8.054934503321137

wo = 4.118607513853088

ne = 1.2912638723818046

ac = 2.472394428776496

sp = 13.028872497568955

nt = 2.472394428776496

ck = 5.58580859200148

tw = 13.028872497568955

ec = 5.58580859200148

ba = 13.028872497568955

os = 5.58580859200148

pr = 8.054934503321137
THE ANSWER: 0.5834225394812772
