
t  = 0.10907299223999947

 i = 0.2861499959019058

 t = 2.506877866326658

to = 0.347208208624086

o  = 0.06569404820317312

th = 1.0605772594194682

he = 0.9110511534657931

e  = 0.8966007030335807

in = 0.5208123129361293

n  = 0.32474971766911354

 I = 1.961455473499462

I  = 0.01389492415699375

ou = 0.347208208624086

d  = 0.0277898483139875

 b = 0.22168124479449647

us = 1.4027359725060269

st = 3.3221911417958587

ng = 0.7444137322898737

g  = 0.11084062239724823

 a = 0.3646263014982067

hi = 6.686333784325576

 h = 0.1724503180654984

ha = 0.04421336245934989

ve = 0.622493651991452

 s = 1.961455473499462

se = 3.3221911417958587

ll = 2.377329473080739

ig = 1.0093914996239037

gh = 0.5242852122859925

ht = 0.7291405236516564

 o = 0.06569404820317312

.  = 0.347208208624086

nd = 3.767245130147588

 u = 1.977030040443951

en = 0.173604104312043

di = 7.499853740429536

co = 2.867985899729526

up = 2.867985899729526

le = 1.0093914996239037

s  = 0.3646263014982067

?  = 4.392265341710403

 n = 0.173604104312043

no = 0.7291405236516564

on = 1.237903099106882

 g = 0.7291405236516564

go = 1.4027359725060269

ot = 5.735971799459052

ri = 0.5242852122859925

 S = 7.499853740429536

im = 7.034064247620178

 r = 1.977030040443951

d. = 2.867985899729526

I' = 21.273913793054717

m  = 7.034064247620178

 T = 1.0093914996239037

Th = 1.977030040443951

a  = 0.5242852122859925

un = 2.867985899729526

's = 4.392265341710403

l  = 3.954060080887902

pp = 4.392265341710403

 y = 1.4027359725060269

yo = 1.4027359725060269

al = 2.867985899729526

ee = 0.7291405236516564

op = 4.392265341710403

pe = 1.977030040443951

n. = 1.4027359725060269

ed = 8.784530683420806

!  = 36.63128280241816

bl = 4.392265341710403

bo = 4.392265341710403
THE ANSWER: 0.5191851320496298
