
's = 0.2996428317016846

s  = 0.20067651685180504

 t = 0.20067651685180504

th = 0.5442451986919712

he = 0.965717868890176

er = 1.4733287548884086

re = 0.7863410402695764

e? = 0.5022087768309367

?  = 5.591156374069996

om = 0.5782098544709895

me = 1.4269406866517707

e  = 0.5077772944052598

 i = 0.0820370089837611

in = 3.319834641718087

!  = 4.284380060738566

 I = 0.5022087768309367

I  = 2.927081547840248E-4

 w = 0.4571370990648342

as = 0.35835698074212746

 a = 0.11240657131959297

le = 0.011770108863743144

.  = 3.3930298050303924

Th = 2.369229942083009

 s = 0.35554201161998195

ou = 0.2228695014702425

nd = 0.32658516333824106

d  = 0.6081613654992194

 o = 0.14687823288063512

 L = 0.5069587505905191

LA = 9.649396004315433

AR = 0.10136022758320323

 b = 2.408470841260353

br = 0.6902267446106901

hi = 0.18082723033459208

ng = 0.8186016333619177

ca = 1.1846149710415046

an = 0.3875352682278914

n  = 1.3129104678346823

 h = 0.8742355732772109

ar = 1.8220977022681162

d. = 0.39457144312764375

el = 0.2914118577590703

,  = 0.4959525473536469

wh = 0.10136022758320323

ha = 1.978968571714543

is = 0.0820370089837611

it = 0.1637409479342218

Y  = 2.369229942083009

es = 0.7891428862552875

rt = 0.03756000520588648

ti = 1.3804534892213802

al = 0.03756000520588648

lo = 0.006881936986531098

ra = 0.03756000520588648

av = 0.07343911644031756

ts = 0.21247781304332194

or = 1.808597407336272

ut = 2.927081547840248E-4

si = 0.6902267446106901

id = 0.03714491691170704

de = 0.10136022758320323

us = 0.10136022758320323

 l = 5.854163095680496E-4

li = 0.5852104732096723

 y = 1.5548604334082696

yo = 0.9399128626082887

u  = 0.40537366414732146

st = 0.5022087768309367

ta = 0.011770108863743144

ag = 0.03756000520588648

ve = 0.8186016333619177

a  = 5.138820140829449

 d = 0.02354021772748629

h. = 2.0764690473678566

 m = 1.7927801876042795

 H = 1.7253417011120817

Ha = 7.923975496866098

mm = 3.961987748433049

te = 0.2285685495324171

ed = 2.4798972067138414

r  = 0.2914118577590703

ik = 0.6902267446106901

ke = 0.5852104732096723

 f = 0.11846882915344534

fi = 0.10136022758320323

sh = 0.006881936986531098

y  = 0.5069587505905191

e! = 2.0764690473678566

 D = 0.006881936986531098

do = 0.03756000520588648

to = 0.013763873973062196

 - = 0.39457144312764375

-  = 2.0764690473678566

we = 0.03756000520588648

en = 0.258356845485261

my = 11.796823447408977

ro = 0.037468857106530994

ot = 2.927081547840248E-4

u! = 2.0764690473678566

t' = 0.10136022758320323

wi = 0.21247781304332194

h  = 1.3804534892213802

no = 0.21247781304332194

ns = 2.369229942083009

se = 0.17059614632899345

ge = 4.152938094735713

op = 11.796823447408977

ie = 0.21247781304332194

-- = 2.07068023383207

oo = 8.305876189471427

ow = 0.20272045516640647

 Y = 4.2650326940438035

Yo = 1.808597407336272

u' = 3.961987748433049

'd = 2.0764690473678566

tl = 0.6902267446106901

ly = 1.808597407336272

m  = 2.07068023383207

nn = 0.6902267446106901

ni = 0.21247781304332194

He = 0.6902267446106901

ff = 1.1846149710415046

fe = 0.6902267446106901

 p = 0.7891428862552875

im = 4.2650326940438035

e. = 1.808597407336272

Ye = 3.961987748433049

sa = 0.011770108863743144

pe = 4.152938094735713

mo = 0.10136022758320323

fo = 0.6902267446106901

 g = 0.07343911644031756

nt = 0.21247781304332194

 M = 3.961987748433049

-y = 3.961987748433049

e- = 2.0764690473678566

tr = 0.03756000520588648

 S = 0.7891428862552875

Lo = 2.0764690473678566

o! = 3.961987748433049

 k = 0.21247781304332194

kn = 0.6902267446106901

ud = 3.961987748433049

rl = 5.640990945905369

To = 3.961987748433049

 O = 3.961987748433049

ba = 20.62532377112374

y. = 0.21247781304332194

af = 3.961987748433049

-T = 3.961987748433049

os = 1.1846149710415046

ok = 7.923975496866098

sf = 2.0764690473678566

pr = 2.0764690473678566

 E = 20.62532377112374
THE ANSWER: 0.4103923329896802
